+233206084103
+233556581928
+233206084106
+233556581925
+233206084103
+233556581928
+233206084103
+233556581928
+233206084103
+233556581928
+233206084103
+233556581928
+2332308e4103
+233556581928
+233206084103
+233556581928
+233206084103
+233566581928
+233206084103
+233556581928
+233206084103
+233556581928
+233206084103
+233556581928
+233206084103
+233556581928
+233206084103
+233556581928
+233206084103
+233556581928
+233206084103
+233556581928
+233206084103
+233556581928
+233206084103
+233556581928
+233206084103
+233556581928
+233206084103
+233556581928
+233206084103
+233556581928
+233206084103
+233556581928
+233206084103
+233556581928
+233206084103
+233556581928
+233206084103
+233556581928
+233206084103
+233556581928
+233206084103
+233556581928
+233206084103
+233556581928
+233206084103
+233556581928
+233206084103
+233556581928
+233206084103
+233556581928
+233206084103
+233556581928
+233206084103
+233556581928
+233206084103
+233556581928
+233206084103
+233556581928
+233206084103
+233556581928
+233206084103
+233556581928
+233206084103
+233556581928
+233206084103
+233556581928
+233206084103
+233556581928
+233206084103
+233556581928
+233206084103
+233556581928
+233206084103
+233556581928
+233206084103
+233556581928
+233206084103
+233556581928
+233206084103
+233556581928
+233206084103
+233236581928
+233206454103
+233556341928
+233206454103
+233556582328
+233206084203
+233576582428